2000 2000 2000 2000 2000 2000 2000 2000 2000 2000
2000 0000 0000 0000 0000 0000 0000 0000 0000 2000
2000 0000 0000 0000 0000 0000 0000 0000 0000 2000
2000 0000 0000 0000 0000 0000 0000 0000 0000 2000
2000 0000 0000 0000 0000 0000 0000 0000 0000 2000
2000 0000 0000 0000 0000 0000 0000 0000 0000 2000
2000 0000 0000 0000 0000 0000 0000 0000 0000 2000
2000 0000 0000 0000 0D01 0000 0000 0000 0000 2000
2000 0000 0000 0000 0000 0000 0000 0000 0000 2000
2000 0000 0000 0000 0000 0000 0000 0000 0000 2000
2000 0000 0000 0000 0000 0000 0000 0000 0000 2000
2000 0000 0000 0000 0000 0000 0000 0000 0000 2000
2000 0000 0000 0000 0000 0000 0000 0000 0000 2000
2000 0000 0000 0000 0000 0000 0000 0000 0000 2000
2000 2000 2000 2000 2000 2000 2000 2000 2000 2000