15 10
2000 2000 2000 2000 2000 2000 2000 2000 2000 2000
2000 0000 0000 0000 0000 0000 0000 0000 0000 2000
2000 0000 0000 0000 0000 0000 0000 0000 0000 2000
2000 0000 0000 0000 0G05 0000 0000 0000 0000 2000
2000 0000 0000 0000 0F05 0000 0000 0000 0000 2000
2000 0000 0000 0000 0E05 0000 0000 0000 0000 2000
2000 0000 0000 0000 0C00 0000 0000 0000 0000 2000
2000 0000 0000 0000 0D01 0000 0000 0000 0000 2000
2000 0000 0000 0000 0H01 0000 0000 0000 0000 2000
2000 0000 0000 0000 0I01 0000 0000 0000 0000 2000
2000 0000 0000 0000 0K26 0000 0000 0000 0000 2000
2000 0000 0000 0000 0000 0000 0000 0000 0000 2000
2000 0000 0000 0000 0000 0000 0000 0000 0000 2000
2000 0000 0000 0000 0000 0000 0000 0000 0000 2000
2000 2000 2000 2000 2000 2000 2000 2000 2000 2000