15 10
2000 2000 2000 2000 2000 2000 2000 2000 2000 2000
2000 0000 0000 0000 0000 0000 0000 0000 0000 2000
2000 0000 0000 0000 0000 0000 0000 0000 0000 2000
2000 0000 0000 0000 0000 0000 0000 0000 0000 2000
2000 0000 0000 0000 0000 0000 0000 0000 0000 2000
2000 0000 0000 0000 0000 0000 0000 0000 0000 2000
2000 0000 0000 0000 0000 0000 0000 0000 0000 2000
2000 0000 0000 0000 0D02 0000 0000 0D03 0000 2000
2000 0000 0000 0000 0000 0000 0000 0000 0000 2000
2000 0000 0000 0000 0000 0000 0000 0000 0000 2000
2000 0000 0000 0000 0000 0000 0000 0000 0000 2000
2000 0000 0000 0000 0000 0000 0000 0000 0000 2000
2000 0000 0000 0000 0000 0000 0000 0000 0000 2000
2000 0000 0000 0000 0000 0000 0000 0000 0000 2000
2000 2000 2000 2000 2000 2000 2000 2000 2000 2000